$ 1 0.000005 11.086722712598126 60 2 50 5e-11
g 176 336 176 352 0 0
t 128 240 176 240 0 1 -1.7268475184002998 0.5615512597847938 100 default
w 176 256 176 288 0
R -16 240 -16 208 0 0 40 3.3 0 0 0.5
r 128 240 64 240 0 10000
207 176 336 208 336 4 Out
207 64 240 64 272 4 Input
x 88 215 108 218 4 16 R1
s -16 240 64 240 0 0 false
R 176 160 176 128 0 0 40 5 0 0 0.5
t 352 240 400 240 0 -1 0 0 100 default
w 176 160 176 224 0
r 176 336 176 288 0 10000
x 186 306 206 309 4 16 R2
x 184 243 205 246 4 16 Q1
x -65 234 -25 237 4 16 GPIO
x 296 243 317 246 4 16 Q1
x 301 174 321 177 4 16 R3
r 288 208 288 160 0 10000
w 288 208 288 224 0
w 288 256 288 320 0
t 240 240 288 240 0 1 -2.01166997902e-312 2.011235874533e-312 100 default
x 413 244 434 247 4 16 Q2
o 6 64 0 4098 5 0.00009765625 0 2 6 3
o 5 64 0 4098 0.0000762939453125 0.00009765625 1 2 5 3
